sac_l=[-0.004636156
0.003366531
0.006793878
0.008981716
0.015048033
0.013219499
0.014202573
0.01176498
0.013989907
0.013119017
0.007724284
0.018067313
0.005686619
0.009799654
0.003912718
0.00718644
0.004100605
0.012798472
0.008576634
0.008418012
0.024461714
0.029260012
0.02649665
0.036571985
0.033555508
0.029945261
0.040986732
0.043932897
0.036878281
0.034624678
0.011190958
0.012458517
0.011095433
0.018151965
0.021081902
0.020139823
0.018512715
0.023507151
0.015620115
0.013669628
0.00410415
0.002154792
0.003963822
0.005170514
0.004991672
0.006282222
0.001913027
0.007274533
0.007692014
0.010539696
0.014496574
0.011294381
0.020697651
0.03193937
0.032686958
0.035148698
0.032857392
0.027557555
0.023992721
0.028021992
0.010177877
0.010332354
0.010328175
0.019357652
0.0171133
0.017456407
0.017835578
0.02296213
0.017282291
0.018172102
0.002349867
-0.000241043
0.001552564
-0.000442624
0.00377704
0.002514415
-0.00397678
0.006415897
0.004052201
0.002949699
0.011692586
0.007973674
0.007071687
0.012525853
0.007057996
0.008653802
0.016921636
0.011965148
0.010651796
0.006418124
0.052197818
0.050283088
0.047831791
0.064192343
0.057932092
0.060466061
0.053754944
0.05150836
0.057763783
0.062032768
0.025267212
0.028187669
0.029825829
0.026563356
0.019672096
0.017821193
0.020099267
0.018540513
0.021202272
0.01331934
0.009022859
0.005543347
0.001803133
0.002650942
0.002294117
0.007109716
0.004451383
0.006086748
0.010117362
0.002612051
0.012011725
0.013489746
0.00675818
0.005813494
0.007288206
0.002856355
0.010071461
0.008219972
0.017202942
0.011651044
0.022230796
0.024826856
0.029517997
0.03636326
0.03795661
0.025200243
0.033163804
0.031021197
0.022519247
0.028400712
0.003312565
-0.001768765
0.004079958
0.003809243
0.002740196
-0.000778803
0.008085929
0.005521868
0.001785937
-0.000928163
0.001639368
0.006575571
0.001855072
0.006280876
0.003196593
0.005934766
0.002483176
0.005281878
0.007693976
0.006277022
0.007469808
0.007513839
-0.003146208
-0.003492097
-7.92517E-05
-0.000350066
-0.001154776
-0.003018819
0.000379024
-0.003142841
0.001890199
0.000282613
-0.001090902
0.000366511
-0.000326925
-0.001133744
0.00049455
0.000950499
-0.003225801
0.002927493
0.009841398
0.017770177
0.008133438
0.009088645
0.016488405
0.013108918
0.007369479
0.010534721
0.007543872
0.005528449
-0.001320167
0.002824063
0.005498742
0.002939841
0.006365222
0.002474743
0.001628734
0.002972095
-0.000177771
0.003592847
-0.001644934
0.002939726
-0.000605276
0.002800852
0.001457796
0.004290761
0.001366377
-8.31331E-05
0.001794546
9.03423E-05
-0.002383436
0.000619047
-0.001881665
-0.001123806
-0.002440007
-0.004651999
-0.000726613
0.002294123
-0.002233829
0.002738472
-0.001515777
0.000787864
0.004629828
0.007025154
0.001762387
0.001724973
0.004292091
0.003858765
-0.000258961
0.001955068
0.010872485
0.007462773
0.012589486
0.022126576
0.021441521
0.019003004
0.017703413
0.013888521
0.024215012
0.019688256
0.006441074
0.004286605
0.004891228
0.004269306
0.009469105
0.006917373
0.011939948
0.000372115
0.00374115
0.010850716
0.004892617
-0.001067359
0.006854983
0.002007476
0.003640201
0.006525955
0.002493569
0.001711108
0.003265167
0.003561896
-0.000772388
0.001910613
0.000986522
-0.003734484
-0.003055923
0.001536121
0.002955408
0.000842906
0.002996625
0.0008126
-0.027930691
-0.02932579
0.017743352
0.048999188
0.043013276
0.015488064
0.016777062
0.035322027
0.031984707
0.032959947
0.005708762
0.007732543
0.00853812
0.019734821
0.008270725
0.017062964
0.012825073
0.013721959
0.007899548
0.011043844
0.001971555
-0.001472357
0.00029002
-0.001362556
-0.006549206
-0.000686553
0.002557508
0.002708435
0.005018851
0.002766612
0.030615854
0.0287927
0.02869148
0.038708089
0.030088786
0.034710288
0.034573712
0.036010108
0.032689873
0.035960272
0.0061103
0.005547276
0.007964083
0.008940713
0.009657001
0.011672396
0.010070831
0.007536772
0.008672168
0.006248759];
sac_ul=[0.005623175
-0.00088105
0.016299464
0.00544049
0.009883108
0.010266491
0.011288486
-0.003657055
-0.007771286
0.008232352
0.012020408
0.013382754
0.005232005
0.008530357
0.012619317
0.01835102
0.006974641
0.007706333
0.002571869
-0.000648124
0.067690226
0.029884416
0.060544526
0.03690047
0.051414233
0.039658839
0.052266196
0.027446932
0.028739693
0.054061601
0.047643909
0.026373227
0.033781094
0.030311504
0.032455287
0.032782268
0.032493203
0.028052299
0.034793483
0.017274766
0.011996428
0.014092425
0.003721333
-0.004899108
0.006957667
0.01361632
0.005690986
-0.005295167
-0.003016219
-0.002646589
0.043933915
0.037917838
0.032791423
0.037954832
0.022005434
0.036394461
0.027380045
0.033119412
0.037809271
0.020489984
0.023341161
0.002253539
0.022881024
0.01309722
0.021761804
0.015362222
0.018663239
0.003051712
0.013989145
0.011238657
0.002103703
0.017548432
0.00546201
-0.000256562
0.003928072
-0.005400726
-0.001113897
-9.96374E-05
-0.003258802
0.004231186
0.004317192
-0.008699831
0.001866814
0.01356028
0.016744868
0.002356103
0.022026143
0.013962272
0.007302437
0.01742634
0.054410755
0.047495616
0.043460733
0.049301575
0.046538811
0.033868595
0.054569607
0.027056404
0.034906521
0.047692415
-0.009148659
0.00480504
0.015136727
0.01754846
0.004390112
0.020525239
0.008881666
0.013667804
-0.008596677
0.009583442
0.006661909
-0.011111626
0.01306067
0.00149523
0.005970518
0.01409355
0.006757773
-0.002470536
0.005245643
0.011978574
-0.002042065
0.010397757
0.008606168
0.011994505
0.000738417
-0.002868536
-0.005858062
0.004418578
2.60054E-05
0.01825493
0.061856915
0.046250267
0.067885378
0.057036222
0.055700128
0.056421624
0.0585232
0.054327564
0.058046638
0.079738077
-0.00500225
0.001771015
-0.002839685
-0.00099139
0.011249236
-0.001771092
-0.000387301
-0.00026363
0.001081445
0.002436505
0.009733533
-0.000195835
-0.00562982
-0.009122975
0.009448679
-6.39747E-05
0.000178434
-0.011820553
0.012406447
0.010063894
0.010489174
0.000462772
0.007620505
-0.00627216
0.01347578
0.009872175
0.00407112
0.008255455
0.00991028
0.002127007
0.007773495
0.000744176
0.018542627
0.010989165
0.006530071
0.000623754
0.005823212
0.010000348
0.004286613
0.008439143
0.001700383
0.017681295
0.023053978
0.014717077
0.020533579
-0.001878011
0.004880503
0.002095004
0.013458681
0.001722761
0.00079097
-0.005119499
0.003267186
0.008211599
0.005641941
0.005401911
-0.006533784
-0.010215841
-0.011955156
-0.009495427
0.006839321
0.011205707
-0.0051586
0.004066169
0.015785917
0.005856326
0.002454157
-0.014312825
-0.000531211
-0.007561577
-0.005653027
-9.16656E-05
0.003188469
0.00460469
-0.006281156
-0.00888931
0.001237849
0.013229172
0.003305614
0.002343941
-0.012772088
0.0052971
0.010301637
0.007029282
-0.006056857
0.007761474
-0.003374625
0.004898763
0.00758324
0.00403658
0.03558892
0.035727872
0.030787285
0.038641816
0.035915861
0.034418921
0.046121178
0.043739645
0.046357576
0.047010906
0.027110291
0.010195085
0.016306345
0.004448207
0.022241723
0.011518215
0.016886897
0.008928826
0.027001022
-0.004060367
0.010325889
0.003347443
0.008412477
0.003451056
0.006462713
-0.001864717
0.002011822
0.00979319
-0.010054215
-0.001086585
-0.001917268
0.004052034
0.001842835
0.00130867
-0.000142796
-0.002178858
-0.007224098
-0.005881294
0.007094776
-0.003512742
0.044487375
0.06492235
0.064056607
0.041220947
0.06083349
0.073129735
0.030643849
0.054205746
0.015530144
0.054765637
0.00716298
0.001784334
0.009605831
0.01468949
0.022488342
0.008188375
0.015880717
0.020388292
-0.002118108
0.017840776
0.001665969
-0.013072526
8.74418E-05
-0.008736554
0.011447374
-0.011317314
0.001223821
-0.007249414
0.002761603
0.00021168
0.041223084
0.038235407
0.056917419
0.039445829
0.051327896
0.048700177
0.039730306
0.040719571
0.056934518
0.035735188
0.030311359
0.017054866
0.026781549
0.019622043
0.025969403
0.013651352
0.035366764
0.025524159
0.025528138
0.029014062];
